,2021-01-02,2021-01-09,2021-01-16,2021-01-23,2021-01-30,2021-02-06,2021-02-13,2021-02-20,2021-02-27,2021-03-06,2021-03-13,2021-03-20,2021-03-27,2021-04-03,2021-04-10,2021-04-17,2021-04-24,2021-05-01,2021-05-08,2021-05-15,2021-05-22,2021-05-29,2021-06-05,2021-06-12,2021-06-19,2021-06-26,2021-07-03,2021-07-10,2021-07-17,2021-07-24,2021-07-31,2021-08-07,2021-08-14,2021-08-21,2021-08-28,2021-09-04,2021-09-11,2021-09-18,2021-09-25,2021-10-02,2021-10-09,2021-10-16,2021-10-23,2021-10-30,2021-11-06,2021-11-13,2021-11-20,2021-11-27,2021-12-04,2021-12-11,2021-12-18,2021-12-25,2022-01-01,2022-01-08,2022-01-15,2022-01-22,2022-01-29,2022-02-05,2022-02-12,2022-02-19,2022-02-26,2022-03-05,2022-03-12,2022-03-19,2022-03-26,2022-04-02,2022-04-09,2022-04-16,2022-04-23,2022-04-30
EUFH_USyd_OneModelMan,,,,,,,,,,,,,,,,,,,,,,,,,,,,,,,,,,,,,,,,,,,,,,,,,,,,,,,,,,,,,,,,,,,,,,
EUFH_MIMUW_StochSEIR,,,,,,,,,,,,,,,,,,,,,,,,,,,,,,,,,,,,,,,,,,,,,,,,,,,,,,,,,,,,,,,,,,,,,,
EUFH_epiforecasts_EpiExpert_Rt,,,,,,,,,,,,,,,,,,,1244.0,428.0,,,,,,,,,,,,,,,,,,,,,,,,,,,,,,,,,,,,,,,,,,,,,,,,,,
EUFH_epiforecasts_EpiNow2,,,,,,,,,,,,,10090.0,23528.0,36527.0,5089.0,278.0,3351.0,207.0,515.0,133.0,258.0,209.0,145.0,208.0,,224.0,159.0,299.0,409.0,1190.0,1992.0,3017.0,11546.0,23856.0,20941.0,9941.0,2608.0,5341.0,,1463.0,7609.0,9177.0,16298.0,8612.0,,,,,,1482.0,3750.0,7863.0,24271.0,33248.0,34617.0,43905.0,,,,,,425.0,5742.0,5835.0,711.0,7125.0,383.0,1738.0,2897.0
EUFH_Imperial_DeCa,,,,,,,,,,,,,,,,,,,,,,,,,,,,,,,,,,,,,,,,,,,,,,,,,,,,,,,,,,,,,,,,,,,,,,
USC_SIkJalpha,,,,,,,,,,,,,16330.0,2950.0,6820.0,6587.0,7593.0,3068.0,2410.0,1627.0,1646.0,158.0,686.0,134.0,135.0,,143.0,12.0,187.0,379.0,1101.0,2167.0,3733.0,3833.0,1513.0,3548.0,9022.0,9318.0,6306.0,4365.0,1088.0,8480.0,10297.0,14490.0,6090.0,24103.0,5042.0,23820.0,6172.0,2061.0,1985.0,1840.0,7170.0,15006.0,33140.0,28642.0,121526.0,19669.0,80279.0,26371.0,14784.0,8260.0,2106.0,443.0,4851.0,22.0,2538.0,2373.0,689.0,1776.0
EUFH_ICM_agentModel,,,,,,,,,,,,,,,,,,,,,,,,,,,,,,,,,,,,,,,,,,,,,,,,,,,,,,,,,,,,,,,,,,,,,,
EUFH_epiforecasts_EpiExpert_direct,,,,,,,,,,,,,,,,,,,,,,,,22.0,,,,,,,,,,,,,,,,,,,,,,,,,,,,,,,,,,,,,,,,,,,,,,
EUFH_ILM_EKF,,,,,,,,,,,,,1695.0,20185.0,43061.0,25859.0,13836.0,4232.0,1967.0,552.0,986.0,161.0,474.0,16.0,238.0,,238.0,168.0,289.0,502.0,1216.0,2577.0,4600.0,6215.0,1102.0,20418.0,42504.0,32970.0,9495.0,5093.0,2913.0,7673.0,11055.0,10928.0,3933.0,46668.0,53733.0,14223.0,1000.0,4183.0,790.0,585.0,6963.0,24628.0,32073.0,41975.0,57158.0,107094.0,139395.0,51309.0,17660.0,8368.0,2253.0,3850.0,6101.0,2686.0,3367.0,2788.0,728.0,1838.0
EUFH_IEM_Health_CovidProject,,,,,,,,,,,,,7695.0,8916.0,24785.0,28424.0,22991.0,10447.0,9708.0,6001.0,4492.0,3205.0,2046.0,1643.0,260.0,,20.0,34.0,163.0,337.0,1122.0,2432.0,4268.0,6535.0,7130.0,6727.0,15115.0,12533.0,3590.0,1503.0,3974.0,7199.0,14263.0,14554.0,4567.0,23096.0,57495.0,33506.0,13141.0,4418.0,239.0,3255.0,3766.0,22778.0,31131.0,46022.0,4607.0,60462.0,116351.0,67271.0,19539.0,13165.0,3741.0,2280.0,4172.0,1843.0,2311.0,1734.0,653.0,1717.0
EUFH_Imperial_RtI0,,,,,,,,,,,,,,,,,,,,,,,,,,,,,,,,,,,,,,,,,,,,,,,,,,,,,,,,,,,,,,,,,,,,,,
EUFH_Karlen_pypm,,,,,,,,,,,,,,,,,,,,,,,,,,,,,,,753.0,2067.0,3194.0,2792.0,14508.0,,34233.0,19863.0,5230.0,3832.0,5112.0,9781.0,491.0,11884.0,104.0,30834.0,35612.0,5584.0,1326.0,3021.0,3654.0,3973.0,,,,,,,,,,,,,,,,,,
EUFH_ITWW_county_repro,,,,,,,,,,,,,,,,,,,,,,,,,,,,,,,,,,,,,,,,,,,,,,,,,,,,,,,,,,,,,,,,,,,,,,
EUFH_itwm_dSEIR,,,,,,,,,,,,,,,,,,,,,,,,,,,,,,,,,,,,,,,,,,,,,,,,,,,,,,,,,,,,,,,,,,,,,,
EUFH_PL_GRedlarski_DistrictsSum,,,,,,,,,,,,,,,,,,,,,,,,,,,,,,,,,,,,,,,,,,,,,,,,,,,,,,,,,,,,,,,,,,,,,,
EUFH_bisop_seirfilterlite,,,,,,,,,,,,,,,,,18297.0,6944.0,1377.0,,,,,,,,,,,,,,,,,,,,,,,,,,,,,,,,,,,,,,,,,,,,,,,,,,,
EUFH_Imperial_sbkp,,,,,,,,,,,,,,,,,,,,,,,,,,,,,,,,,,,,,,,,,,,,,,,,,,,,,,,,,,,,,,,,,,,,,,
EUFH_LANL_GrowthRate,,,,,,,,,3771.0,6606.0,11160.0,10595.0,1715.0,9020.0,18715.0,4714.0,5628.0,2578.0,2248.0,1639.0,99.0,261.0,286.0,173.0,,,,,256.0,383.0,1150.0,2379.0,3990.0,3945.0,3609.0,5539.0,2970.0,519.0,2327.0,5707.0,6092.0,8628.0,,,,,,,,,,,,,,,,,,,,,,,,,,,,
EUFH_LeipzigIMISE_SECIR,,,,,,,,,,,,,,,,,,,,,,,,,,,,,,,,,,,,,,,,,,,,,,,,,,,,,,,,,,,,,,,,,,,,,,
EUFH_UpgUmibUsi_MultiBayes,,,,,,,,,,,,,,,,,,,,,,,,,,,,,,,,,,,,,,,,,,,,,,,,,,,,,,,,,,,,,,,,,,,,,,
EUFH_EuroCOVIDhub_ensemble,,,,,,,,,,,,,515.0,18007.0,35042.0,19507.0,11092.0,5045.0,2040.0,2098.0,1974.0,1199.0,588.0,198.0,120.0,,160.0,68.0,189.0,399.0,1073.0,2273.0,3877.0,4068.0,2193.0,5539.0,9941.0,6047.0,1637.0,3893.0,3444.0,7916.0,11055.0,14554.0,263.0,23345.0,24333.0,12597.0,1390.0,2826.0,461.0,2001.0,7205.0,23285.0,32073.0,41975.0,43905.0,25703.0,79932.0,48223.0,18599.0,8368.0,2253.0,3065.0,5026.0,499.0,5942.0,2086.0,658.0,1806.0
EUFH_HZI_AgeExtendedSEIR,,,,,,,,,,,,,,,,,,,,,,,,,,,,,,,,,,,,,,,,,,,,,,,,,,,,,,,,,,,,,,,,,,,,,,
EUFH_RobertWalraven_ESG,,,,,,,,,,,,14442.0,10210.0,2252.0,14561.0,14999.0,14387.0,3247.0,1462.0,2059.0,1404.0,901.0,747.0,642.0,572.0,,460.0,128.0,40.0,439.0,1120.0,2571.0,4398.0,7143.0,5060.0,5498.0,2009.0,898.0,317.0,3043.0,5698.0,10040.0,17008.0,22937.0,13810.0,2219.0,13243.0,12597.0,6380.0,813.0,3844.0,4898.0,7943.0,25366.0,34250.0,47597.0,23273.0,7949.0,22747.0,50974.0,42293.0,25548.0,3140.0,4397.0,5194.0,4589.0,108.0,1465.0,248.0,1726.0
EUFH_BIOCOMSC_Gompertz,,,,,,,,,,,,,,,,,,,,,,,,,,,,,,,,,,,,,,,,,,,,,,,,,,,,,,,,,,,,,,,,,,,,,,
EUFH_UNIPV_BayesINGARCHX,,,,,,,,,,,,,,,,,,,,,,,,,,,,,,,,,,,,,,,,,,,,,,,,,,,,,,,,,,,,,,,,,,,,,,
EUFH_epiforecasts_EpiExpert,,,,,,,,,,,,,6131.0,16568.0,,,,,,428.0,,,,22.0,,,,,,,,,,,,,,,,,,,,,,,,,,,,,,,,,,,,,,,,,,,,,,
EUFH_UNED_PreCoV2,,,,,,,,,,,,,,,,,,,,,,,,,,,,,,,,,,,,,,,,,,,,,,,,,,,,,,,,,,,,,,,,,,,,,,
EUFH_UB_BSLCoV,,,,,,,,,,,,,,,,,,,,,,,,,,,,,,,,,,,,,,,,,,,,,,,,,,,,,,,,,,,,,,,,,,,,,,
EUFH_MIT_CovidAnalytics_DELPHI,,,,,,,,,,,,,,,,,,,,,,,,,,,,,,,,,,,,,,,,,,,,,,,,,,,,,,,,,,,,,,,,,,,,,,
EUFH_bisop_seirfilter,,,,,,,,,,,,,,,,,,,,,,,,,,,,,,,,,,,,,,,,,,,,,,,,,,,,,,,,,,,,,,,,,,,,,,
EUFH_MOCOS_agent1,,,,,,,,,,,,,,,,,,,,,,,,,,,,,,,,,,,,,,,,,,,,,,,,,,,,,,,,,,,,,,,,,,,,,,
EUFH_UVA_Ensemble,,,,,,,,,,,,,,,,,,,,,,,,,,,,,,,,,,,,,,,,,,,,,,,,,,,,,,,,,,,,,,,,,,,,,,
EUFH_Priesemann_bayes,,,,,,,,,,,,,,,,,,,,,,,,,,,,,,,,,,,,,,,,,,,,,,,,,,,,,,,,,,,,,,,,,,,,,,
EUFH_UMass_MechBayes,,,,,,,,,,,,,,,,,,,,,,,,,,,,,,,,,,,,,,,,,,,,,,,,,,,,,,,,,,,,,,,,,,,,,,
EUFH_UMass_SemiMech,,,,,,,,,,,,,,,,7594.0,9229.0,5928.0,1591.0,5862.0,4757.0,3164.0,2446.0,1400.0,727.0,,233.0,40.0,122.0,371.0,,,,,,,,,,,,,,,,,,,,,,,,,,,,,,,,,,,,,,,,
EUFH_MUNI_DMS_SEIAR,,,,,,,,,,,,,,,,,,,,,,,,,,,,,,,,,,,,,,,,,,,,,,,,,,,,,,,,,,,,,,,,,,,,,,
EUFH_FIAS_FZJ_Epi1Ger,,,,,,,,,,,,,,,,,,,,,,,,,,,,,,,,,,,,,,,,,,,,,,,,,,,,,,,,,,,,,,,,,,,,,,
EUFH_SDSC_ISG_TrendModel,,,,,,,,,,,,,,,,,,,,,,,,,,,,,,,,,,,,,,,,,,,,,,,,,,,,,,,,,,,,,,,,,,,,,,
baseline,,,,,,,,,5333.0,7141.0,11144.0,14335.0,12185.0,6422.0,5330.0,10858.0,13109.0,11526.0,9317.0,7057.0,5222.0,3459.0,2785.0,1586.0,917.0,689.0,344.0,284.0,15.0,196.0,997.0,2316.0,4368.0,6487.0,7336.0,5212.0,1229.0,589.0,203.0,3877.0,3846.0,8703.0,15321.0,18094.0,10714.0,5511.0,15313.0,14197.0,9059.0,5939.0,5887.0,4259.0,2774.0,20412.0,29601.0,44332.0,30954.0,13852.0,17590.0,30458.0,32239.0,28373.0,19459.0,9334.0,3418.0,4022.0,6797.0,5196.0,3548.0,892.0
EUFH_MUNI_ARIMA,,,,,,,,,,,,,,,,,,,,,,1513.0,691.0,293.0,152.0,,81.0,13.0,155.0,370.0,849.0,1676.0,3418.0,4191.0,2802.0,449.0,3805.0,2878.0,411.0,3870.0,2715.0,6633.0,13672.0,15600.0,415.0,15217.0,11071.0,419.0,7165.0,5791.0,132.0,1548.0,7308.0,23682.0,31759.0,,,,,,,3457.0,1030.0,,,5787.0,12209.0,4412.0,2789.0,982.0
EUFH_EuroCOVIDhub_baseline,,,,,,,,,,,,,,,,,,,,,,,,,,,,,,180.0,1013.0,2335.0,4390.0,6524.0,7418.0,5308.0,1341.0,656.0,240.0,3826.0,3867.0,8741.0,15338.0,18202.0,11093.0,5141.0,15226.0,14398.0,9487.0,6034.0,5892.0,4281.0,2600.0,20336.0,29983.0,44850.0,31314.0,14515.0,17122.0,30703.0,32660.0,29015.0,19763.0,9845.0,3627.0,4014.0,6848.0,5306.0,3684.0,853.0
EUFH_MUNI_VAR,,,,,,,,,,,,,,,,,,,,,,,,,,,,,,,,,,,,,,,,,,,,,,,,5853.0,3838.0,2180.0,3062.0,2454.0,7030.0,22889.0,31895.0,,,,,,,,,,,,,,,
EUFH_JBUD_HMXK,,,,,,,,,,,,,,,,,,,,,,,,,,,,,,,,,,,,,,,,,,,,,,,,,,,,,,,,,,,,,,,,1287.0,4152.0,,7574.0,1164.0,184.0,2258.0
EUFH_prolix_euclidean,,,,,,,,,,,,,,,,,,,,,,,,,,,,,,,,,,,,,,,,,,,,,,,,,,,,,,,,,,,,,,,,,,,,,,
